0.1228644847869873,0,0,0.0,0.0
0.27410101890563965,0,0,0.0,0.0
0.42345738410949707,0,0,0.0,0.0
0.5732412338256836,0,0,0.0,0.0
0.7279467582702637,0,0,0.0,0.0
0.9215188026428223,0.0,0.0,0.0,0.0
1.024207592010498,0.0,0.0,0.0,0.0
1.1797924041748047,0.0,0.0,0.0,0.0
1.3259425163269043,0.0,0.0,0.0,0.0
1.4799370765686035,0.0,0.0,0.0,0.0
1.6288375854492188,0.0,0.0,0.0,0.0
1.782883644104004,0.0,0.0,0.0,0.0
1.9346303939819336,0.1,0.1,0.0,0.0
2.080401659011841,0.1,0.1,0.0,0.0
2.236546039581299,0.1,0.1,0.0,0.0
2.4067513942718506,0.1,0.1,0.0,0.0
2.533966302871704,0.1,0.1,0.0,0.0
2.6864235401153564,0.1,0.1,0.0,0.0
2.837742328643799,0.1,0.1,0.0,0.0
2.985743999481201,0.2,0.2,0.0,0.0
3.1386075019836426,0.2,0.2,0.0,0.0
3.288940191268921,0.2,0.2,0.0,0.0
3.4388434886932373,0.2,0.2,0.0,0.0
3.587043046951294,0.2,0.2,0.0,0.0
3.7408859729766846,0.2,0.2,0.0,0.0
3.8925304412841797,0.30000000000000004,0.30000000000000004,0.0,0.0
4.043262720108032,0.30000000000000004,0.30000000000000004,0.0,0.0
4.194019317626953,0.30000000000000004,0.30000000000000004,0.0,0.0
4.342585802078247,0.30000000000000004,0.30000000000000004,0.0,0.0
4.4942827224731445,0.30000000000000004,0.30000000000000004,0.0,0.0
4.642922878265381,0.30000000000000004,0.30000000000000004,0.0,0.0
4.79643177986145,0.30000000000000004,0.30000000000000004,0.0,0.0
4.946781396865845,0.4,0.4,0.0,0.0
5.094313621520996,0.4,0.4,0.0,0.0
5.24566388130188,0.4,0.4,-0.007538279377055513,0.0
5.394723415374756,0.4,0.4,0.0,0.0
5.547914505004883,0.4,0.4,0.0,0.0
5.700495004653931,0.4,0.4,0.0,0.0
5.852387189865112,0.4,0.4,0.0,0.0
5.997899293899536,0.5,0.5,0.0,-0.015596002248370799
6.151957273483276,0.5,0.5,0.0,-0.014833643409507198
6.299482822418213,0.5,0.5,0.0,-0.014984804783893387
6.452623605728149,0.5,0.5,0.0,-0.021957893345656555
6.6045403480529785,0.5,0.5,0.0,-0.029617794374145676
6.756520748138428,0.5,0.5,0.0,-0.023831879100985987
6.904916763305664,0.6,0.6,0.0,-0.03466401666252337
7.055241823196411,0.6,0.6,0.007962185243247325,-0.11147059340546256
7.206463813781738,0.6,0.6,0.0,-0.09539262641712619
7.356436491012573,0.6,0.6,0.0077306630631244055,-0.10049861982061727
7.507588148117065,0.6,0.6,0.007559361712277377,-0.0982717022596059
7.656372785568237,0.6,0.6,0.006765625120456541,-0.08118750144547848
7.809736728668213,0.6,0.6,0.015123197656080813,-0.11342398242060608
7.959022521972656,0.7,0.7,0.0072142319948493615,-0.10099924792789106
8.107749223709106,0.7,0.7,0.01629153231951376,-0.13847802471586698
8.262905359268188,0.7,0.7,0.016359639273639866,-0.18813585164685842
8.411860227584839,0.7,0.7,0.02236909458360482,-0.17895275666883856
8.561844825744629,0.7,0.7,0.022582338917873163,-0.18818615764894303
8.711438417434692,0.7,0.7,0.02376583628180879,-0.22181447196354873
8.864400148391724,0.7,0.7,0.01593234356571371,-0.19915429457142136
9.01247763633728,0.7999999999999999,0.7999999999999999,0.03192379292964425,-0.2633712916695651
9.166106462478638,0.7999999999999999,0.7999999999999999,0.029741047810834014,-0.31228100201375714
9.317749261856079,0.7999999999999999,0.7999999999999999,0.03204509951915229,-0.3204509951915229
9.467632293701172,0.7999999999999999,0.7999999999999999,0.02989179749352663,-0.35870156992231955
9.615703821182251,0.7999999999999999,0.7999999999999999,0.03673294046243211,-0.3526362284393482
9.7701997756958,0.7999999999999999,0.7999999999999999,0.04715207606244,-0.42436868456196003
9.917691230773926,0.8999999999999999,0.8999999999999999,0.04785760863568051,-0.3828608690854441
10.069848775863647,0.8999999999999999,0.8999999999999999,0.03627691135678474,-0.3845352603819182
10.220506191253662,0.8999999999999999,0.8999999999999999,0.01568520134490353,-0.53329684572672
10.370911836624146,0.8999999999999999,0.8999999999999999,0.0,-0.5939882770118956
10.521992683410645,0.8999999999999999,0.8999999999999999,0.0,-0.4805477856274542
10.674289464950562,0.8999999999999999,0.8999999999999999,0.0,-0.4926850090933917
10.823117733001709,0.8999999999999999,0.8999999999999999,0.01492222920866943,-0.47751133467742174
10.978787183761597,0.9999999999999999,0.9999999999999999,0.00857576380995643,-0.6088792305069064
11.127151012420654,0.9999999999999999,0.9999999999999999,0.0,-0.6272852166951923
11.274646043777466,0.9999999999999999,0.9999999999999999,0.0,-0.6757519465892158
11.42674994468689,0.9999999999999999,0.9999999999999999,0.0,-0.6393826184279487
11.576289653778076,0.9999999999999999,0.9999999999999999,0.0,-0.6784321863630843
11.769769191741943,0.9999999999999999,0.9999999999999999,0.0,-0.6614292419524822
11.8773832321167,0.9999999999999999,0.9999999999999999,0.0,-0.7981727539276839
12.028728485107422,0.0,0.0,-0.022043605467514528,-0.5143507942420057
12.1791832447052,0.0,0.0,0.0,-0.01404728745750148
12.349824905395508,0.0,0.0,-0.007479909045154719,0.007479909045154719
12.480633020401001,0.0,0.0,0.0,0.0
12.629574298858643,0.0,0.0,0.0,0.0
12.780094623565674,0.0,0.0,0.0,0.015723951947368576
12.931384563446045,0.0,0.0,0.0,0.0
13.082350730895996,0.0,0.0,0.0,0.0
13.261616945266724,0.0,0.0,0.0,0.0
13.38406777381897,0.0,0.0,0.0,0.0
13.537027359008789,0.0,0.0,0.0,0.0
13.685020208358765,0.0,0.0,0.0,0.0
13.83577823638916,0.0,0.0,0.0,0.0
13.985377073287964,0.0,0.0,0.0,0.0
14.142786026000977,0.0,0.0,0.0,0.0
14.291028499603271,0.0,0.0,0.0,0.0
14.439568996429443,0.0,0.0,0.0,0.0
14.591313362121582,0.0,0.0,0.0,0.0
14.744993686676025,0.0,0.0,0.0,0.0
14.891792058944702,0.0,0.0,0.0,0.0
15.042551279067993,0.0,0.0,0.0,0.0
15.193595886230469,0.0,0.0,0.0,0.0
15.345005512237549,0.0,0.0,0.0,0.0
15.494623899459839,0.0,0.0,0.0,0.0
15.648896217346191,0.0,0.0,0.0,0.0
15.799307584762573,0.0,0.0,0.0,0.0
15.945210933685303,0.0,0.0,0.0,0.0
16.096654653549194,0.0,0.0,0.0,0.0
16.25032877922058,0.0,0.0,0.0,0.0
16.397843599319458,0.0,0.0,0.0,0.0
16.55088233947754,0.0,0.0,0.008052583507595244,0.008052583507595244
16.700485467910767,0.0,0.0,0.0,0.0
16.851625680923462,0.0,0.0,0.008092689091929657,0.0
17.00252652168274,0.0,0.0,0.0,0.0
17.15047788619995,0.0,0.0,0.0,0.0
17.304680824279785,0.0,0.0,0.0,0.0
17.45846199989319,0.0,0.0,0.0,0.0
17.60433316230774,0.0,0.0,0.0,-0.007952274543048077
17.754207611083984,0.0,0.0,0.007942163851506694,0.0
17.90731430053711,0.0,0.0,0.0,0.0
18.056374311447144,0.0,0.0,0.0,0.0
18.2096951007843,0.0,0.0,0.0,0.0
18.359681367874146,0.0,0.0,0.0,0.0
18.509117603302002,0.0,0.0,0.0,0.0
18.658005475997925,0.0,0.0,0.0,0.0
18.812968015670776,0.0,0.0,0.0,0.0
18.962785482406616,0.0,0.0,0.0,0.0
19.112715482711792,0.0,0.0,0.0,0.0
19.264962911605835,0.0,0.0,0.0,0.0
19.41124415397644,0.0,0.0,0.0,0.0
19.561505794525146,0.0,0.0,0.008170943047649063,0.0
19.71309494972229,0.0,0.0,0.0,0.0
19.868871688842773,0.0,0.0,0.0,0.0
20.02686095237732,0.0,0.0,0.0,0.0
20.168498516082764,0.0,0.0,0.0,0.0
20.319509983062744,0.0,0.0,0.0,0.0
20.469751119613647,0.0,0.0,0.0,0.0
20.622024059295654,0.0,0.0,0.0,0.0
20.77125096321106,0.0,0.0,0.0,0.00793118396457276
20.921669960021973,0.0,0.0,0.0,0.022323696543692238
21.07092547416687,0.0,0.0,0.0,0.014388828621667916
21.224483489990234,0.0,0.0,0.0,0.0
21.374135971069336,0.0,0.0,0.0,0.0
21.532376527786255,0.0,0.0,-0.00745339927237738,0.0
21.67609977722168,0.0,0.0,0.0,0.0
21.822282075881958,0.0,0.0,0.0,0.0
21.97566270828247,0.0,0.0,0.0,0.0
22.12720561027527,0.0,0.0,0.0,0.0
22.27914047241211,0.0,0.0,0.0,0.0
22.425905466079712,0.0,0.0,0.0,0.0
22.579955577850342,0.0,0.0,0.0,0.0
22.72932767868042,0.0,0.0,0.0,0.0
22.882425546646118,0.0,0.0,0.0,0.0
23.03161931037903,0.0,0.0,0.0,0.0
23.18241310119629,0.0,0.0,0.0,0.0
23.330595016479492,0.0,0.0,0.0,0.0
23.484573125839233,0.0,0.0,0.0,0.0
23.632543563842773,0.0,0.0,0.0,0.0
23.783891201019287,0.0,0.0,0.0,0.0
23.934126615524292,0.0,0.0,0.0,0.0
24.08705973625183,0.0,0.0,0.008944031647926986,0.008944031647926986
24.237237691879272,0.0,0.0,0.0,0.0
24.386884927749634,0.0,0.0,0.0,0.0
24.535813093185425,0.0,0.0,0.0,0.0
24.68787980079651,0.0,0.0,0.0,0.0
24.83722472190857,0.0,0.0,0.0,0.0
24.987568616867065,0.0,0.0,0.0,0.0
25.139911890029907,0.0,0.0,0.0,0.0
25.29213857650757,0.0,0.0,0.0,0.0
25.442135334014893,0.0,0.0,0.0,0.0
25.595646619796753,0.0,0.0,0.0,0.0
25.742910861968994,0.0,0.0,0.0,0.0
26.197424173355103,0.0,0.0,0.0,0.0
26.346431970596313,0.0,0.0,0.0,0.0
26.49650239944458,0.0,0.0,0.0,0.0
26.645752668380737,0.0,0.0,0.0,0.0
26.79937767982483,0.0,0.0,0.0,0.0
26.947933435440063,0.0,0.0,0.0,0.0
27.098281621932983,0.0,0.0,0.0,0.0
27.24747347831726,0.0,0.0,0.0,0.0
27.400719165802002,0.0,0.0,0.0,0.0
27.549826860427856,0.0,0.0,0.0,0.0
27.70930027961731,0.0,0.0,0.0,0.0
27.852943420410156,0.0,0.0,0.0,0.0
28.01196527481079,0.0,0.0,0.0,0.0
28.15632200241089,0.0,0.0,0.0,0.0
28.304574251174927,0.0,0.0,0.0,0.0
28.45692753791809,0.0,0.0,0.0,0.0
28.604345560073853,0.0,0.0,0.0,0.0
28.75856614112854,0.0,0.0,0.0,0.0
28.909464597702026,0.0,0.0,0.0,0.0
29.058192014694214,0.0,0.0,0.0,0.0
29.21181344985962,0.0,0.0,0.0,0.0
29.362799882888794,0.0,0.0,0.0,0.0
29.512906551361084,0.0,0.0,0.0,0.0
29.661568880081177,0.0,0.0,0.0,0.0
29.809909105300903,0.0,0.0,0.0,0.0
29.963226556777954,0.0,0.0,0.0,0.0
30.111576318740845,0.0,0.0,0.0,0.0
30.267280340194702,0.0,0.0,0.0,0.0
30.413387775421143,0.0,0.0,0.0,0.0
30.567264795303345,0.0,0.0,0.0,0.0
30.718551874160767,0.0,0.0,0.0,0.0
30.875108242034912,0.0,0.0,0.0,0.0
31.016693353652954,0.0,0.0,0.0,0.0
31.166213512420654,0.0,0.0,0.0,0.0
31.319687128067017,0.0,0.0,0.0,0.0
31.47152590751648,0.0,0.0,0.0,0.0
31.62083673477173,0.0,0.0,0.0,0.0
31.775314569473267,0.0,0.0,0.0,0.0
31.92328643798828,0.0,0.0,0.0,0.0
32.08319592475891,0.0,0.0,0.0,0.0
32.23299717903137,0.0,0.0,0.0,0.0
32.372010469436646,0.0,0.0,0.0,0.0
32.52460265159607,0.0,0.0,0.0,0.0
32.68153619766235,0.0,0.0,0.0,0.0
32.829347133636475,0.0,0.0,0.0,0.0
32.97389769554138,0.0,0.0,0.0,0.0
33.12766361236572,0.0,0.0,0.0,0.0
33.27569770812988,0.0,0.0,0.0,0.0
33.42610502243042,0.0,0.0,0.0,0.0
33.60957098007202,0.0,0.0,0.0,0.0
33.731587171554565,0.0,0.0,0.0,0.0
33.88243317604065,0.0,0.0,0.0,0.0
34.032495975494385,0.0,0.0,0.0,0.0
34.185577630996704,0.0,0.0,0.0,0.0
34.334177017211914,0.0,0.0,0.0,0.0
34.485905170440674,0.0,0.0,0.0,0.0
34.63218379020691,0.0,0.0,0.0,0.0
34.78714418411255,0.0,0.0,0.0,0.0
34.933613300323486,0.0,0.0,0.0,0.0
35.08684825897217,0.0,0.0,0.024018081099217846,0.0
35.23775601387024,0.0,0.0,0.05688245145033167,0.0
35.389411211013794,0.0,0.0,0.09593102433261246,-0.02951723825618845
35.536744594573975,0.0,0.0,0.0,0.0
35.685571908950806,0.0,0.0,0.0,0.0
35.84738755226135,0.0,0.0,0.0,0.0
35.990458965301514,0.0,0.0,0.0,0.0
36.139511823654175,0.0,0.0,0.0,0.0
36.29369854927063,0.0,0.0,0.0,0.0
36.4458954334259,0.0,0.0,0.0,0.0
36.59278631210327,0.0,0.0,0.0,0.0
36.74314618110657,0.0,0.0,0.0,0.0
36.89578628540039,0.0,0.0,0.0,0.0
37.043591022491455,0.0,0.0,0.0,0.0
37.19920468330383,0.0,0.0,0.0,0.0
37.348767042160034,0.0,0.0,0.0,0.0
37.496864557266235,0.0,0.0,0.0,0.0
37.64753556251526,0.0,0.0,0.0,0.0
37.80325388908386,0.0,0.0,0.0,0.0
37.9493887424469,0.0,0.0,0.0,0.0
38.10002064704895,0.0,0.0,-0.017815130659185562,0.0
38.252344846725464,0.0,0.0,-0.022086327186446507,-0.014724218124297672
38.400604009628296,0.0,0.0,0.0,0.0
38.55162262916565,0.0,0.0,0.0,0.0
38.705023765563965,0.0,0.0,0.0,0.0
38.85478949546814,0.0,0.0,0.0,0.0
39.002503871917725,0.0,0.0,0.0,0.0
39.1562123298645,0.0,0.0,0.0,0.0
39.30641269683838,0.0,0.0,0.0,0.0
39.45698356628418,0.0,0.0,0.0,0.0
39.60547924041748,0.0,0.0,0.0,0.0
39.76017141342163,0.0,0.0,0.0,0.0
39.90885591506958,0.0,0.0,0.0,0.0
40.059983253479004,0.0,0.0,0.0,0.0
40.208444356918335,0.0,0.0,0.0,0.0
40.36150097846985,0.0,0.0,0.0,0.0
40.512144327163696,0.0,0.0,0.0,0.0
40.66167664527893,0.0,0.0,0.0,0.0
40.81322622299194,0.0,0.0,0.0,0.0
40.96096229553223,0.0,0.0,0.0,0.0
41.1135458946228,0.0,0.0,0.0,0.0
41.26385140419006,0.0,0.0,0.0,0.0
41.41775918006897,0.0,0.0,0.0,0.0
41.56588959693909,0.0,0.0,0.0,0.0
41.720176458358765,0.0,0.0,0.0,0.0
41.86660838127136,0.0,0.0,0.0,0.0
42.01805138587952,0.0,0.0,0.0,0.0
42.16664671897888,0.0,0.0,0.0,0.0
42.32225012779236,0.0,0.0,0.0,0.0
42.472994804382324,0.0,0.0,0.0,0.0
42.62115430831909,0.0,0.0,0.0,0.0
42.77143049240112,0.0,0.0,0.0,0.0
42.940815925598145,0.0,0.0,0.0,0.0
43.07375502586365,0.0,0.0,0.0,0.0
43.22350478172302,0.0,0.0,0.0,0.0
43.37355327606201,0.0,0.0,0.0,0.0
43.52556848526001,0.0,0.0,0.0,0.0
43.67528033256531,0.0,0.0,0.0,0.0
43.8290114402771,0.0,0.0,0.0,0.0
43.98085379600525,0.0,0.0,0.0,0.0
44.125465869903564,0.0,0.0,0.0,0.0
44.280519008636475,0.0,0.0,0.0,0.0
44.430623054504395,0.0,0.0,0.0,0.0
44.58067274093628,0.0,0.0,0.0,0.0
44.730708837509155,0.0,0.0,0.0,0.0
44.88313865661621,0.0,0.0,0.0,0.0
45.18874669075012,0.0,0.0,0.0,0.0
45.192955493927,0.0,0.0,0.0,0.0
45.33576250076294,0.0,0.0,0.0,0.0
45.48157000541687,0.0,0.0,0.0,0.0
45.63562250137329,0.0,0.0,0.0,0.0
45.7841694355011,0.0,0.0,0.0,0.0
45.943933725357056,0.0,0.0,0.0,0.0
46.09183979034424,0.0,0.0,0.0,0.0
46.24443554878235,0.0,0.0,0.0,0.0
46.387757539749146,0.0,0.0,0.0,0.0
46.53832173347473,0.1,0.1,0.0,0.0
46.69045877456665,0.1,0.1,0.0,0.0
46.841084718704224,0.1,0.1,0.0,0.0
46.98861742019653,0.1,0.1,0.0,0.0
47.139580965042114,0.1,0.1,0.0,0.0
47.29166340827942,0.1,0.1,0.0,0.0
47.44468832015991,0.1,0.1,0.0,0.0
47.59441137313843,0.2,0.2,0.0,0.0
47.747143507003784,0.2,0.2,0.0,0.0
47.89712166786194,0.2,0.2,0.0,0.0
48.044716119766235,0.2,0.2,0.0,0.0
48.195526123046875,0.2,0.2,0.0,0.0
48.34791660308838,0.2,0.2,0.0,0.0
48.4978506565094,0.2,0.2,0.0,0.0
48.65000295639038,0.30000000000000004,0.30000000000000004,0.0,0.0
48.796788692474365,0.30000000000000004,0.30000000000000004,0.0,0.0
48.94917011260986,0.30000000000000004,0.30000000000000004,0.0,0.0
49.10085082054138,0.30000000000000004,0.30000000000000004,0.0,0.0
49.25301384925842,0.30000000000000004,0.30000000000000004,0.0,0.0
49.40348696708679,0.30000000000000004,0.30000000000000004,0.0,0.0
49.55487108230591,0.4,0.4,0.0,0.0
49.703890800476074,0.4,0.4,-0.007045119123416568,-0.007045119123416568
49.85328006744385,0.4,0.4,-0.024648719459835444,-0.008216239819945148
50.00576090812683,0.4,0.4,-0.030903106385565773,-0.015451553192782887
50.15343141555786,0.4,0.4,-0.038996137008632595,-0.031196909606906072
50.30702352523804,0.4,0.4,-0.039496195140083006,-0.047395434168099604
50.45505213737488,0.4,0.4,-0.035053115582877506,-0.028042492466302003
50.60892939567566,0.5,0.5,-0.07355416558920935,-0.08989953572014477
50.759336709976196,0.5,0.5,-0.08707841459194218,-0.07124597557522541
50.90850210189819,0.5,0.5,-0.0875088521760564,-0.0795535019782331
51.06061887741089,0.5,0.5,-0.07277107156880662,-0.07277107156880662
51.209359884262085,0.5,0.5,-0.05575582859385981,-0.07965118370551402
51.35937309265137,0.5,0.5,-0.0462305653923063,-0.06934584808845945
51.509392976760864,0.5,0.5,-0.03990360864992752,-0.055865052109898526
51.663090467453,0.6,0.6,-0.04483809453748013,-0.05978412604997351
51.81417369842529,0.6,0.6,-0.07888229491594514,-0.09465875389913415
51.96510720252991,0.6,0.6,-0.11904837166317538,-0.1349214878849321
52.11706185340881,0.6,0.6,-0.14735967589128163,-0.1637329732125352
52.26675367355347,0.6,0.6,-0.16403074297050804,-0.17223228011903344
52.416027545928955,0.6,0.6,-0.12110937394392565,-0.1513867174299071
52.56607103347778,0.7,0.7,-0.1362240281964913,-0.1602635625841074
52.718097448349,0.7,0.7,-0.1582568648086012,-0.17264385251847406
52.87079358100891,0.7,0.7,-0.22059187381207465,-0.22059187381207465
53.02173972129822,0.7,0.7,-0.1922573845902018,-0.22922995854985598
53.17444348335266,0.7,0.7,-0.21246304838741062,-0.26966463833786736
53.31976008415222,0.7,0.7,-0.1645995100155759,-0.22900801393471432
53.47274088859558,0.7,0.7,-0.16491783906711457,-0.2623692894249551
53.6226806640625,0.7999999999999999,0.7999999999999999,-0.17629661185900755,-0.24975353346692739
53.77331495285034,0.7999999999999999,0.7999999999999999,-0.24010517819981084,-0.2764847506543276
53.92349863052368,0.7999999999999999,0.7999999999999999,-0.2753119246975119,-0.2753119246975119
54.07126975059509,0.7999999999999999,0.7999999999999999,-0.3826726563702745,-0.35078326833941825
54.22174525260925,0.7999999999999999,0.7999999999999999,-0.4434747958911584,-0.3722020608372222
54.37694191932678,0.7999999999999999,0.7999999999999999,-0.41288365354688694,-0.36700769204167727
54.52481722831726,0.7999999999999999,0.7999999999999999,-0.3785699773564915,-0.4017477310721951
54.67788767814636,0.8999999999999999,0.8999999999999999,-0.34269886352723156,-0.4022986658797936
54.8304500579834,0.8999999999999999,0.8999999999999999,-0.351711704067426,-0.4489936647669268
54.97614502906799,0.8999999999999999,0.8999999999999999,-0.3939121481784826,-0.4303854952320457
55.12852621078491,0.8999999999999999,0.8999999999999999,-0.4317898573979961,-0.46106374603514844
55.27917528152466,0.8999999999999999,0.8999999999999999,-0.4183405781801533,-0.47063315045267246
55.431177616119385,0.8999999999999999,0.8999999999999999,-0.37545160439772335,-0.44043361285117544
55.58088803291321,0.9999999999999999,0.9999999999999999,-0.3855806366884885,-0.45698445829746787
55.73429870605469,0.9999999999999999,0.9999999999999999,-0.4341251925932564,-0.5255199699813102
55.88162684440613,0.9999999999999999,0.9999999999999999,-0.6195827328000165,-0.705853746227867
56.03382682800293,0.9999999999999999,0.9999999999999999,-0.5468168718866117,-0.6007283944669818
56.1836314201355,0.9999999999999999,0.9999999999999999,-0.5975342869229662,-0.6673759568230532
56.33308029174805,0.9999999999999999,0.9999999999999999,-0.6236804540123714,-0.6693156091840081
56.48585247993469,0.9999999999999999,0.9999999999999999,-0.6420393664342339,-0.6961872648082054
56.637630224227905,0.0,0.0,-0.5483064081509365,-0.5483064081509365
56.78883099555969,0.0,0.0,-0.3911478912779992,-0.3015098328601244
56.93518018722534,0.0,0.0,-0.041581111410240235,-0.016632444564096092
57.08881211280823,0.0,0.0,0.007222696775547198,0.007222696775547198
57.24330377578735,0.0,0.0,0.007503335243783723,0.015006670487567446
57.39219665527344,0.0,0.0,-0.015488871367355607,0.02323330705103341
57.54286217689514,0.0,0.0,0.0,0.0
57.69358849525452,0.0,0.0,0.0,0.0
57.840373516082764,0.0,0.0,0.0,0.0
57.99242305755615,0.0,0.0,0.0,0.0
58.14432501792908,0.0,0.0,0.0,0.0
58.29345369338989,0.0,0.0,0.0,0.0
58.44463062286377,0.0,0.0,0.0,0.0
58.59483504295349,0.0,0.0,0.0,0.0
58.744237422943115,0.0,0.0,0.0,0.0
58.8966383934021,0.0,0.0,0.0,0.0
59.04751896858215,0.0,0.0,0.0,0.0
59.19980072975159,0.0,0.0,0.0,0.0
59.34955072402954,0.0,0.0,0.0,0.0
59.49870443344116,0.0,0.0,0.0,0.0
59.650574684143066,0.0,0.0,0.0,0.0
